100
3 0009
2 301
6 0300301
5 000001
1 11
6 0101102
0 1
1 29
6 1121221
0 1
6 0060001
6 0003031
6 0000001
6 3200001
6 2060001
6 2616825
4 00001
1 01
6 6000001
6 2220222
4 76661
0 2
6 0112021
1 09
6 0000701
1 01
6 5700151
6 2010021
3 3501
6 9309001
4 01081
1 17
2 022
6 1201211
6 0000001
1 17
6 2070071
6 8000001
6 2020211
3 1222
3 0001
6 4070001
3 4402
6 0000001
4 00001
6 0000001
0 1
6 1111111
1 01
4 10111
5 320001
6 4090001
4 00521
4 50412
6 8550575
6 9999999
4 95468
6 6000505
6 8384892
1 91
1 11
6 0000001
6 0020401
3 2112
4 11111
5 208007
6 1102211
6 8000301
3 2202
6 0000001
5 110011
0 2
4 00021
6 0008001
0 1
5 000001
6 2999327
6 2094001
6 0803086
6 1202011
6 2712989
6 0320001
3 1528
6 0000001
6 0101002
6 8466681
6 3147027
5 000001
6 0060001
6 1111111
6 0012121
6 0000501
6 0000001
6 3009001
6 0000001
6 5000011
1 35
6 0260228
6 4413021
6 0000001
